name: UP Ch
latitude: 51.099976
longitude: 17.095733
radius: 250