#travis_secrets.yaml
http_password: 000000
ssl_cert: 000000000000000000000000
ssl_key: 000000000000000000000000
base_url: 000000000000000000000000

tomato_username: 000000000000000000000000
tomato_password: 000000000000000000000000
tomato_http_id: 000000000000000000000000

mqtt_broker: 000.000000000000000000.000
mqtt_port: 000
mqtt_login: 000000000000000000000000
mqtt_password: 000000000000000000000000

work_latitude: 00.0000
work_longitude: 00.0000
home_latitude: 00.00000
home_longitude: 00.0000
home_elevation: 0
gosia_parents_latitude: 00.0000
gosia_parents_longitude: 00.0000
michal_parents_latitude: 00.0000
michal_parents_longitude: 00.0000

ifttt_key: 000000000000000000000000

pushbullet_api_key: 000000000000000000000000

airvisual_api_key: 000000000000000000000000

xiaomi_getway_key: 0000000000000000