name: UP G
latitude: 51.113061
longitude: 17.063483
radius: 100